8.1758;
8.66196;
9.17702;
9.72272;
10.3009;
10.9134;
11.5623;
12.2499;
12.9783;
13.75;
14.5676;
15.4339;
16.3516;
17.3239;
18.354;
19.4454;
20.6017;
21.8268;
23.1247;
24.4997;
25.9565;
27.5;
29.1352;
30.8677;
32.7032;
34.6478;
36.7081;
38.8909;
41.2034;
43.6535;
46.2493;
48.9994;
51.9131;
55;
58.2705;
61.7354;
65.4064;
69.2957;
73.4162;
77.7817;
82.4069;
87.3071;
92.4986;
97.9989;
103.826;
110;
116.541;
123.471;
130.813;
138.591;
146.832;
155.563;
164.814;
174.614;
184.997;
195.998;
207.652;
220;
233.082;
246.942;
261.626;
277.183;
293.665;
311.127;
329.628;
349.228;
369.994;
391.995;
415.305;
440;
466.164;
493.883;
523.251;
554.365;
587.33;
622.254;
659.255;
698.456;
739.989;
783.991;
830.609;
880;
932.328;
987.767;
1046.5;
1108.73;
1174.66;
1244.51;
1318.51;
1396.91;
1479.98;
1567.98;
1661.22;
1760;
1864.66;
1975.53;
2093;
2217.46;
2349.32;
2489.02;
2637.02;
2793.83;
2959.96;
3135.96;
3322.44;
3520;
3729.31;
3951.07;
4186.01;
4434.92;
4698.64;
4978.03;
5274.04;
5587.65;
5919.91;
6271.93;
6644.88;
7040;
7458.62;
7902.13;
8372.02;
8869.84;
9397.27;
9956.06;
10548.1;
11175.3;
11839.8;
12543.9;
8.1679688;
8.5415238;
9.1341322;
9.7678555;
10.2145801;
10.9232646;
11.4228308;
12.2153433;
12.7740017;
13.6602580;
14.6080026;
15.2760872;
16.3359375;
17.0830476;
18.2682644;
19.5357111;
20.4291601;
21.8465292;
22.8456615;
24.4306866;
25.5480033;
27.3205161;
29.2160052;
30.5521744;
32.6718750;
34.1660953;
36.5365288;
39.0714221;
40.8583202;
43.6930584;
45.6913231;
48.8613732;
51.0960066;
54.6410321;
58.4320104;
61.1043488;
65.3437500;
68.3321906;
73.0730577;
78.1428443;
81.7166405;
87.3861167;
91.3826461;
97.7227464;
102.1920133;
109.2820642;
116.8640208;
122.2086976;
130.6875000;
136.6643811;
146.1461153;
156.2856886;
163.4332809;
174.7722335;
182.7652922;
195.4454928;
204.3840266;
218.5641285;
233.7280415;
244.4173951;
261.3750000;
273.3287622;
292.2922307;
312.5713771;
326.8665619;
349.5444670;
365.5305844;
390.8909857;
408.7680532;
437.1282569;
467.4560830;
488.8347903;
522.7500000;
546.6575245;
584.5844613;
625.1427542;
653.7331238;
699.0889340;
731.0611689;
781.7819714;
817.5361064;
874.2565139;
934.9121661;
977.6695806;
1045.5000000;
1093.3150489;
1169.1689227;
1250.2855085;
1307.4662476;
1398.1778680;
1462.1223378;
1563.5639428;
1635.0722128;
1748.5130278;
1869.8243321;
1955.3391611;
2091.0000000;
2186.6300978;
2338.3378454;
2500.5710170;
2614.9324952;
2796.3557360;
2924.2446755;
3127.1278856;
3270.1444256;
3497.0260555;
3739.6486643;
3910.6783222;
4182.0000000;
4373.2601956;
4676.6756907;
5001.1420339;
5229.8649904;
5592.7114720;
5848.4893510;
6254.2557712;
6540.2888511;
6994.0521111;
7479.2973286;
7821.3566445;
8364.0000000;
8746.5203913;
9353.3513814;
10002.2840678;
10459.7299807;
11185.4229439;
11696.9787021;
12508.5115421;
8.1679688;
8.6146545;
9.1889648;
9.6914864;
10.3375854;
10.8906250;
11.4862061;
12.2519531;
12.9219818;
13.7834473;
14.5208333;
15.5063782;
16.3359375;
17.2293091;
18.3779297;
19.3829727;
20.6751709;
21.7812500;
22.9724121;
24.5039063;
25.8439636;
27.5668945;
29.0416667;
31.0127563;
32.6718750;
34.4586182;
36.7558594;
38.7659454;
41.3503418;
43.5625000;
45.9448242;
49.0078125;
51.6879272;
55.1337891;
58.0833333;
62.0255127;
65.3437500;
68.9172363;
73.5117188;
77.5318909;
82.7006836;
87.1250000;
91.8896484;
98.0156250;
103.3758545;
110.2675781;
116.1666667;
124.0510254;
130.6875000;
137.8344727;
147.0234375;
155.0637817;
165.4013672;
174.2500000;
183.7792969;
196.0312500;
206.7517090;
220.5351563;
232.3333333;
248.1020508;
261.3750000;
275.6689453;
294.0468750;
310.1275635;
330.8027344;
348.5000000;
367.5585938;
392.0625000;
413.5034180;
441.0703125;
464.6666667;
496.2041016;
522.7500000;
551.3378906;
588.0937500;
620.2551270;
661.6054688;
697.0000000;
735.1171875;
784.1250000;
827.0068359;
882.1406250;
929.3333333;
992.4082031;
1045.5000000;
1102.6757813;
1176.1875000;
1240.5102539;
1323.2109375;
1394.0000000;
1470.2343750;
1568.2500000;
1654.0136719;
1764.2812500;
1858.6666667;
1984.8164063;
2091.0000000;
2205.3515625;
2352.3750000;
2481.0205078;
2646.4218750;
2788.0000000;
2940.4687500;
3136.5000000;
3308.0273438;
3528.5625000;
3717.3333333;
3969.6328125;
4182.0000000;
4410.7031250;
4704.7500000;
4962.0410156;
5292.8437500;
5576.0000000;
5880.9375000;
6273.0000000;
6616.0546875;
7057.1250000;
7434.6666667;
7939.2656250;
8364.0000000;
8821.4062500;
9409.5000000;
9924.0820313;
10585.6875000;
11152.0000000;
11761.8750000;
12546.0000000;
8.1757989;
8.5937500;
9.1430472;
9.6652469;
10.2197486;
10.8918366;
11.4712800;
12.2286484;
12.8760764;
13.6720445;
14.5101544;
15.3123217;
16.3515978;
17.1874999;
18.2860944;
19.3304938;
20.4394973;
21.7836732;
22.9425599;
24.4572967;
25.7521528;
27.3440890;
29.0203087;
30.6246433;
32.7031956;
34.3749999;
36.5721889;
38.6609876;
40.8789945;
43.5673463;
45.8851198;
48.9145934;
51.5043056;
54.6881781;
58.0406174;
61.2492867;
65.4063912;
68.7499998;
73.1443777;
77.3219752;
81.7579891;
87.1346927;
91.7702397;
97.8291869;
103.0086112;
109.3763562;
116.0812349;
122.4985733;
130.8127825;
137.4999995;
146.2887555;
154.6439504;
163.5159781;
174.2693853;
183.5404793;
195.6583737;
206.0172224;
218.7527124;
232.1624698;
244.9971467;
261.6255650;
274.9999991;
292.5775109;
309.2879008;
327.0319563;
348.5387706;
367.0809587;
391.3167474;
412.0344447;
437.5054247;
464.3249395;
489.9942933;
523.2511300;
549.9999981;
585.1550218;
618.5758017;
654.0639125;
697.0775413;
734.1619173;
782.6334948;
824.0688895;
875.0108495;
928.6498790;
979.9885866;
1046.5022600;
1099.9999963;
1170.3100437;
1237.1516033;
1308.1278250;
1394.1550826;
1468.3238346;
1565.2669896;
1648.1377790;
1750.0216990;
1857.2997581;
1959.9771733;
2093.0045200;
2199.9999926;
2340.6200873;
2474.3032066;
2616.2556500;
2788.3101652;
2936.6476692;
3130.5339793;
3296.2755580;
3500.0433980;
3714.5995162;
3919.9543466;
4186.0090400;
4399.9999851;
4681.2401747;
4948.6064132;
5232.5113000;
5576.6203304;
5873.2953385;
6261.0679586;
6592.5511160;
7000.0867960;
7429.1990324;
7839.9086931;
8372.0180800;
8799.9999702;
9362.4803493;
9897.2128265;
10465.0226000;
11153.2406608;
11746.5906770;
12522.1359172;
8.1679688;
8.5451242;
9.1320667;
9.6105529;
10.2099610;
10.8643105;
11.4243179;
12.2139621;
12.7831085;
13.6556248;
14.4507460;
15.2736269;
16.3359375;
17.0902483;
18.2641334;
19.2211058;
20.4199219;
21.7286210;
22.8486357;
24.4279243;
25.5662170;
27.3112496;
28.9014921;
30.5472537;
32.6718750;
34.1804967;
36.5282668;
38.4422115;
40.8398439;
43.4572420;
45.6972715;
48.8558485;
51.1324340;
54.6224993;
57.8029842;
61.0945075;
65.3437500;
68.3609933;
73.0565336;
76.8844231;
81.6796878;
86.9144841;
91.3945430;
97.7116970;
102.2648679;
109.2449985;
115.6059684;
122.1890150;
130.6875000;
136.7219866;
146.1130672;
153.7688461;
163.3593756;
173.8289681;
182.7890859;
195.4233940;
204.5297359;
218.4899971;
231.2119368;
244.3780300;
261.3750000;
273.4439732;
292.2261343;
307.5376923;
326.7187512;
347.6579363;
365.5781719;
390.8467880;
409.0594717;
436.9799942;
462.4238736;
488.7560600;
522.7500000;
546.8879465;
584.4522687;
615.0753846;
653.4375023;
695.3158725;
731.1563438;
781.6935761;
818.1189435;
873.9599884;
924.8477471;
977.5121199;
1045.5000000;
1093.7758930;
1168.9045373;
1230.1507691;
1306.8750046;
1390.6317451;
1462.3126875;
1563.3871522;
1636.2378869;
1747.9199768;
1849.6954943;
1955.0242399;
2091.0000000;
2187.5517859;
2337.8090746;
2460.3015382;
2613.7500093;
2781.2634902;
2924.6253750;
3126.7743043;
3272.4757738;
3495.8399536;
3699.3909886;
3910.0484797;
4182.0000000;
4375.1035718;
4675.6181492;
4920.6030765;
5227.5000185;
5562.5269803;
5849.2507500;
6253.5486086;
6544.9515477;
6991.6799071;
7398.7819771;
7820.0969594;
8364.0000000;
8750.2071436;
9351.2362985;
9841.2061529;
10455.0000371;
11125.0539607;
11698.5015001;
12507.0972172;
8.1757989;
8.6105012;
9.1659519;
9.7234764;
10.2760201;
10.9010652;
11.5205263;
12.2636984;
12.9157518;
13.7013601;
14.5852146;
15.4140301;
16.3515978;
17.2210024;
18.3319038;
19.4469529;
20.5520402;
21.8021304;
23.0410526;
24.5273967;
25.8315037;
27.4027203;
29.1704293;
30.8280603;
32.7031956;
34.4420049;
36.6638075;
38.8939057;
41.1040804;
43.6042608;
46.0821052;
49.0547934;
51.6630073;
54.8054405;
58.3408585;
61.6561206;
65.4063912;
68.8840098;
73.3276150;
77.7878114;
82.2081608;
87.2085217;
92.1642104;
98.1095869;
103.3260146;
109.6108811;
116.6817171;
123.3122411;
130.8127825;
137.7680196;
146.6552301;
155.5756228;
164.4163216;
174.4170433;
184.3284207;
196.2191737;
206.6520292;
219.2217622;
233.3634342;
246.6244822;
261.6255650;
275.5360391;
293.3104602;
311.1512457;
328.8326431;
348.8340867;
368.6568415;
392.4383475;
413.3040585;
438.4435244;
466.7268683;
493.2489645;
523.2511300;
551.0720782;
586.6209204;
622.3024914;
657.6652863;
697.6681733;
737.3136829;
784.8766950;
826.6081169;
876.8870488;
933.4537366;
986.4979289;
1046.5022600;
1102.1441565;
1173.2418407;
1244.6049828;
1315.3305725;
1395.3363467;
1474.6273658;
1569.7533900;
1653.2162339;
1753.7740976;
1866.9074733;
1972.9958578;
2093.0045200;
2204.2883129;
2346.4836814;
2489.2099656;
2630.6611451;
2790.6726933;
2949.2547316;
3139.5067800;
3306.4324677;
3507.5481952;
3733.8149465;
3945.9917156;
4186.0090400;
4408.5766259;
4692.9673628;
4978.4199312;
5261.3222901;
5581.3453867;
5898.5094632;
6279.0135600;
6612.8649355;
7015.0963903;
7467.6298931;
7891.9834312;
8372.0180800;
8817.1532517;
9385.9347257;
9956.8398624;
10522.6445802;
11162.6907733;
11797.0189264;
12558.0271200;
8.1757989;
8.5937563;
9.1666667;
9.7392013;
10.2544370;
10.9010652;
11.4972257;
12.2636984;
12.8615538;
13.7034971;
14.5593946;
15.3642955;
16.3515978;
17.1875126;
18.3333333;
19.4784026;
20.5088740;
21.8021304;
22.9944515;
24.5273967;
25.7231076;
27.4069943;
29.1187892;
30.7285910;
32.7031956;
34.3750253;
36.6666666;
38.9568052;
41.0177479;
43.6042608;
45.9889030;
49.0547934;
51.4462151;
54.8139886;
58.2375784;
61.4571820;
65.4063912;
68.7500506;
73.3333333;
77.9136103;
82.0354959;
87.2085217;
91.9778059;
98.1095869;
102.8924302;
109.6279771;
116.4751568;
122.9143640;
130.8127825;
137.5001012;
146.6666666;
155.8272206;
164.0709918;
174.4170433;
183.9556119;
196.2191737;
205.7848604;
219.2559543;
232.9503135;
245.8287281;
261.6255650;
275.0002024;
293.3333331;
311.6544412;
328.1419836;
348.8340867;
367.9112237;
392.4383475;
411.5697208;
438.5119086;
465.9006270;
491.6574562;
523.2511300;
550.0004048;
586.6666663;
623.3088825;
656.2839671;
697.6681733;
735.8224475;
784.8766950;
823.1394416;
877.0238171;
931.8012541;
983.3149124;
1046.5022600;
1100.0008096;
1173.3333326;
1246.6177650;
1312.5679342;
1395.3363467;
1471.6448949;
1569.7533900;
1646.2788833;
1754.0476342;
1863.6025081;
1966.6298247;
2093.0045200;
2200.0016191;
2346.6666651;
2493.2355300;
2625.1358684;
2790.6726933;
2943.2897899;
3139.5067800;
3292.5577666;
3508.0952684;
3727.2050162;
3933.2596494;
4186.0090400;
4400.0032383;
4693.3333303;
4986.4710600;
5250.2717368;
5581.3453867;
5886.5795798;
6279.0135600;
6585.1155332;
7016.1905368;
7454.4100325;
7866.5192988;
8372.0180800;
8800.0064766;
9386.6666606;
9972.9421199;
10500.5434737;
11162.6907733;
11773.1591595;
12558.0271200;
8.1757989;
8.6228446;
9.1515623;
9.7005881;
10.2514758;
10.9130356;
11.4968606;
12.2406269;
12.9338187;
13.7007270;
14.5503779;
15.3775690;
16.3515978;
17.2456893;
18.3031245;
19.4011763;
20.5029516;
21.8260712;
22.9937211;
24.4812539;
25.8676374;
27.4014540;
29.1007558;
30.7551380;
32.7031956;
34.4913786;
36.6062490;
38.8023526;
41.0059033;
43.6521423;
45.9874422;
48.9625077;
51.7352748;
54.8029081;
58.2015117;
61.5102760;
65.4063912;
68.9827571;
73.2124980;
77.6047052;
82.0118065;
87.3042846;
91.9748844;
97.9250154;
103.4705496;
109.6058161;
116.4030234;
123.0205521;
130.8127825;
137.9655142;
146.4249960;
155.2094103;
164.0236131;
174.6085693;
183.9497689;
195.8500308;
206.9410991;
219.2116322;
232.8060468;
246.0411042;
261.6255650;
275.9310285;
292.8499921;
310.4188206;
328.0472261;
349.2171385;
367.8995378;
391.7000617;
413.8821982;
438.4232645;
465.6120935;
492.0822083;
523.2511300;
551.8620570;
585.6999842;
620.8376412;
656.0944522;
698.4342770;
735.7990756;
783.4001233;
827.7643964;
876.8465289;
931.2241871;
984.1644166;
1046.5022600;
1103.7241139;
1171.3999683;
1241.6752825;
1312.1889045;
1396.8685540;
1471.5981511;
1566.8002467;
1655.5287928;
1753.6930579;
1862.4483741;
1968.3288332;
2093.0045200;
2207.4482279;
2342.7999366;
2483.3505649;
2624.3778089;
2793.7371081;
2943.1963023;
3133.6004934;
3311.0575857;
3507.3861158;
3724.8967482;
3936.6576665;
4186.0090400;
4414.8964558;
4685.5998733;
4966.7011299;
5248.7556178;
5587.4742161;
5886.3926045;
6267.2009867;
6622.1151714;
7014.7722315;
7449.7934965;
7873.3153329;
8372.0180800;
8829.7929116;
9371.1997465;
9933.4022598;
10497.5112357;
11174.9484322;
11772.7852091;
12534.4019734;
8.1757989;
8.5869658;
9.1728797;
9.7590178;
10.2220646;
10.9195459;
11.4492878;
12.2636984;
12.8368868;
13.7220794;
14.5199891;
15.3071464;
16.3515978;
17.1739317;
18.3457593;
19.5180357;
20.4441291;
21.8390919;
22.8985756;
24.5273967;
25.6737735;
27.4441588;
29.0399781;
30.6142928;
32.7031956;
34.3478634;
36.6915186;
39.0360714;
40.8882583;
43.6781838;
45.7971512;
49.0547934;
51.3475471;
54.8883175;
58.0799563;
61.2285857;
65.4063912;
68.6957268;
73.3830372;
78.0721428;
81.7765165;
87.3563675;
91.5943024;
98.1095869;
102.6950941;
109.7766350;
116.1599125;
122.4571714;
130.8127825;
137.3914535;
146.7660744;
156.1442856;
163.5530330;
174.7127350;
183.1886048;
196.2191737;
205.3901882;
219.5532700;
232.3198251;
244.9143427;
261.6255650;
274.7829071;
293.5321489;
312.2885712;
327.1060660;
349.4254701;
366.3772096;
392.4383475;
410.7803765;
439.1065400;
464.6396501;
489.8286854;
523.2511300;
549.5658141;
587.0642978;
624.5771424;
654.2121321;
698.8509402;
732.7544192;
784.8766950;
821.5607529;
878.2130801;
929.2793002;
979.6573709;
1046.5022600;
1099.1316283;
1174.1285956;
1249.1542848;
1308.4242641;
1397.7018804;
1465.5088384;
1569.7533900;
1643.1215058;
1756.4261602;
1858.5586005;
1959.3147418;
2093.0045200;
2198.2632565;
2348.2571911;
2498.3085695;
2616.8485282;
2795.4037608;
2931.0176768;
3139.5067800;
3286.2430116;
3512.8523203;
3717.1172010;
3918.6294835;
4186.0090400;
4396.5265130;
4696.5143823;
4996.6171391;
5233.6970564;
5590.8075216;
5862.0353536;
6279.0135600;
6572.4860232;
7025.7046407;
7434.2344020;
7837.2589671;
8372.0180800;
8793.0530260;
9393.0287645;
9993.2342781;
10467.3941128;
11181.6150431;
11724.0707073;
12558.0271200;
1.4052154;
1.5329623;
1.6607092;
1.7884560;
2.0439497;
2.2994434;
2.3846080;
2.6279354;
2.8104309;
3.0659246;
3.3214183;
3.5769120;
4.0878995;
4.5988869;
4.7692160;
5.2558707;
5.6208617;
6.1318492;
6.6428366;
7.1538240;
8.1757989;
9.1977738;
9.5384321;
10.5117415;
11.2417235;
12.2636984;
13.2856732;
14.3076481;
16.3515978;
18.3955475;
19.0768641;
21.0234829;
22.4834470;
24.5273967;
26.5713464;
28.6152962;
32.7031956;
36.7910951;
38.1537282;
42.0469658;
44.9668940;
49.0547934;
53.1426929;
57.2305923;
65.4063912;
73.5821902;
76.3074565;
84.0939316;
89.9337880;
98.1095869;
106.2853858;
114.4611847;
130.8127825;
147.1643803;
152.6149129;
168.1878632;
179.8675759;
196.2191737;
212.5707716;
228.9223694;
261.6255650;
294.3287606;
305.2298258;
336.3757264;
359.7351519;
392.4383475;
425.1415431;
457.8447387;
523.2511300;
588.6575212;
610.4596517;
672.7514529;
719.4703037;
784.8766950;
850.2830862;
915.6894775;
1046.5022600;
1177.3150425;
1220.9193033;
1345.5029057;
1438.9406075;
1569.7533900;
1700.5661725;
1831.3789550;
2093.0045200;
2354.6300850;
2441.8386067;
2691.0058114;
2877.8812150;
3139.5067800;
3401.1323450;
3662.7579100;
4186.0090400;
4709.2601700;
4883.6772133;
5382.0116229;
5755.7624300;
6279.0135600;
6802.2646900;
7325.5158200;
8372.0180800;
9418.5203400;
9767.3544267;
10764.0232457;
11511.5248600;
12558.0271200;
13604.5293800;
14651.0316400;
16744.0361600;
18837.0406800;
19534.7088533;
21528.0464914;
23023.0497200;
25116.0542400;
27209.0587600;
29302.0632800;
33488.0723200;
37674.0813600;
39069.4177067;
43056.0929829;
46046.0994400;
50232.1084800;
54418.1175200;
58604.1265600;
66976.1446400;
75348.1627200;
78138.8354133;
86112.1859657;
8.1757989;
8.5376426;
9.1294729;
9.7866136;
10.2197486;
10.9281826;
11.4118411;
12.2332670;
12.7746858;
13.6602283;
14.6434933;
15.2915837;
16.3515978;
17.0752853;
18.2589458;
19.5732272;
20.4394973;
21.8563653;
22.8236822;
24.4665339;
25.5493716;
27.3204565;
29.2869866;
30.5831675;
32.7031956;
34.1505706;
36.5178917;
39.1464543;
40.8789945;
43.7127306;
45.6473645;
48.9330678;
51.0987432;
54.6409131;
58.5739732;
61.1663350;
65.4063912;
68.3011412;
73.0357834;
78.2929087;
81.7579891;
87.4254611;
91.2947290;
97.8661356;
102.1974863;
109.2818262;
117.1479464;
122.3326699;
130.8127825;
136.6022824;
146.0715667;
156.5858173;
163.5159781;
174.8509222;
182.5894580;
195.7322712;
204.3949727;
218.5636523;
234.2958928;
244.6653399;
261.6255650;
273.2045648;
292.1431334;
313.1716346;
327.0319563;
349.7018445;
365.1789160;
391.4645424;
408.7899453;
437.1273046;
468.5917855;
489.3306797;
523.2511300;
546.4091295;
584.2862669;
626.3432692;
654.0639125;
699.4036889;
730.3578320;
782.9290848;
817.5798906;
874.2546092;
937.1835710;
978.6613595;
1046.5022600;
1092.8182591;
1168.5725337;
1252.6865385;
1308.1278250;
1398.8073779;
1460.7156639;
1565.8581696;
1635.1597812;
1748.5092185;
1874.3671421;
1957.3227189;
2093.0045200;
2185.6365182;
2337.1450675;
2505.3730770;
2616.2556500;
2797.6147558;
2921.4313278;
3131.7163392;
3270.3195625;
3497.0184369;
3748.7342841;
3914.6454379;
4186.0090400;
4371.2730364;
4674.2901350;
5010.7461539;
5232.5113000;
5595.2295116;
5842.8626557;
6263.4326784;
6540.6391250;
6994.0368738;
7497.4685682;
7829.2908758;
8372.0180800;
8742.5460728;
9348.5802700;
10021.4923078;
10465.0226000;
11190.4590231;
11685.7253114;
12526.8653568;
8.1757989;
8.6131873;
9.1563210;
9.7337038;
10.2544370;
10.9257131;
11.4842498;
12.2636984;
12.9489934;
13.7034971;
14.5676175;
15.3816555;
16.3515978;
17.2263747;
18.3126420;
19.4674077;
20.5088740;
21.8514263;
22.9684995;
24.5273967;
25.8979867;
27.4069943;
29.1352351;
30.7633109;
32.7031956;
34.4527493;
36.6252841;
38.9348153;
41.0177479;
43.7028526;
45.9369991;
49.0547934;
51.7959735;
54.8139886;
58.2704701;
61.5266219;
65.4063912;
68.9054986;
73.2505682;
77.8696307;
82.0354959;
87.4057051;
91.8739981;
98.1095869;
103.5919470;
109.6279771;
116.5409402;
123.0532438;
130.8127825;
137.8109972;
146.5011364;
155.7392613;
164.0709918;
174.8114103;
183.7479963;
196.2191737;
207.1838940;
219.2559543;
233.0818805;
246.1064875;
261.6255650;
275.6219944;
293.0022728;
311.4785227;
328.1419836;
349.6228206;
367.4959925;
392.4383475;
414.3677880;
438.5119086;
466.1637610;
492.2129751;
523.2511300;
551.2439888;
586.0045455;
622.9570453;
656.2839671;
699.2456411;
734.9919851;
784.8766950;
828.7355759;
877.0238171;
932.3275220;
984.4259502;
1046.5022600;
1102.4879776;
1172.0090911;
1245.9140907;
1312.5679342;
1398.4912822;
1469.9839702;
1569.7533900;
1657.4711518;
1754.0476342;
1864.6550439;
1968.8519003;
2093.0045200;
2204.9759552;
2344.0181821;
2491.8281814;
2625.1358684;
2796.9825645;
2939.9679403;
3139.5067800;
3314.9423036;
3508.0952684;
3729.3100879;
3937.7038007;
4186.0090400;
4409.9519105;
4688.0363643;
4983.6563627;
5250.2717368;
5593.9651290;
5879.9358806;
6279.0135600;
6629.8846073;
7016.1905368;
7458.6201757;
7875.4076013;
8372.0180800;
8819.9038209;
9376.0727286;
9967.3127255;
10500.5434737;
11187.9302580;
11759.8717612;
12558.0271200;
8.1757989;
8.5961841;
9.1408218;
9.6597870;
10.2197486;
10.8897874;
11.4745291;
12.2256679;
12.8797160;
13.6687134;
14.5046949;
15.3123242;
16.3515978;
17.1923682;
18.2816436;
19.3195740;
20.4394973;
21.7795747;
22.9490582;
24.4513358;
25.7594320;
27.3374268;
29.0093898;
30.6246485;
32.7031956;
34.3847364;
36.5632873;
38.6391480;
40.8789945;
43.5591494;
45.8981165;
48.9026716;
51.5188641;
54.6748535;
58.0187796;
61.2492969;
65.4063912;
68.7694727;
73.1265745;
77.2782960;
81.7579891;
87.1182989;
91.7962329;
97.8053432;
103.0377281;
109.3497071;
116.0375593;
122.4985938;
130.8127825;
137.5389454;
146.2531491;
154.5565921;
163.5159781;
174.2365978;
183.5924658;
195.6106865;
206.0754562;
218.6994141;
232.0751185;
244.9971877;
261.6255650;
275.0778908;
292.5062982;
309.1131842;
327.0319563;
348.4731956;
367.1849317;
391.2213729;
412.1509124;
437.3988282;
464.1502371;
489.9943754;
523.2511300;
550.1557816;
585.0125963;
618.2263683;
654.0639125;
696.9463911;
734.3698633;
782.4427459;
824.3018249;
874.7976564;
928.3004742;
979.9887508;
1046.5022600;
1100.3115633;
1170.0251927;
1236.4527367;
1308.1278250;
1393.8927823;
1468.7397267;
1564.8854917;
1648.6036497;
1749.5953129;
1856.6009484;
1959.9775016;
2093.0045200;
2200.6231265;
2340.0503853;
2472.9054734;
2616.2556500;
2787.7855645;
2937.4794533;
3129.7709835;
3297.2072995;
3499.1906257;
3713.2018968;
3919.9550032;
4186.0090400;
4401.2462531;
4680.1007707;
4945.8109467;
5232.5113000;
5575.5711290;
5874.9589066;
6259.5419670;
6594.4145990;
6998.3812514;
7426.4037936;
7839.9100064;
8372.0180800;
8802.4925061;
9360.2015414;
9891.6218935;
10465.0226000;
11151.1422580;
11749.9178132;
12519.0839339;
8.1757989;
8.6048544;
9.1356648;
9.7048539;
10.2458384;
10.9010652;
11.4909213;
12.2222222;
12.8873077;
13.6822911;
14.5347536;
15.3449746;
16.3515978;
17.2097088;
18.2713295;
19.4097078;
20.4916768;
21.8021304;
22.9818425;
24.4444444;
25.7746154;
27.3645821;
29.0695072;
30.6899492;
32.7031956;
34.4194175;
36.5426591;
38.8194156;
40.9833536;
43.6042608;
45.9636850;
48.8888889;
51.5492308;
54.7291642;
58.1390144;
61.3798984;
65.4063912;
68.8388351;
73.0853181;
77.6388312;
81.9667072;
87.2085217;
91.9273700;
97.7777778;
103.0984616;
109.4583285;
116.2780289;
122.7597969;
130.8127825;
137.6776702;
146.1706363;
155.2776625;
163.9334143;
174.4170433;
183.8547401;
195.5555555;
206.1969232;
218.9166569;
232.5560578;
245.5195938;
261.6255650;
275.3553403;
292.3412725;
310.5553250;
327.8668287;
348.8340867;
367.7094802;
391.1111111;
412.3938464;
437.8333138;
465.1121156;
491.0391875;
523.2511300;
550.7106806;
584.6825450;
621.1106500;
655.7336574;
697.6681733;
735.4189603;
782.2222221;
824.7876928;
875.6666277;
930.2242311;
982.0783750;
1046.5022600;
1101.4213612;
1169.3650901;
1242.2213000;
1311.4673147;
1395.3363467;
1470.8379206;
1564.4444442;
1649.5753856;
1751.3332554;
1860.4484622;
1964.1567500;
2093.0045200;
2202.8427225;
2338.7301801;
2484.4425999;
2622.9346294;
2790.6726933;
2941.6758413;
3128.8888884;
3299.1507711;
3502.6665108;
3720.8969244;
3928.3135000;
4186.0090400;
4405.6854450;
4677.4603602;
4968.8851999;
5245.8692588;
5581.3453867;
5883.3516826;
6257.7777768;
6598.3015422;
7005.3330215;
7441.7938489;
7856.6270000;
8372.0180800;
8811.3708900;
9354.9207205;
9937.7703998;
10491.7385176;
11162.6907733;
11766.7033651;
12515.5555537;
8.1757989;
8.6395962;
9.1637285;
9.7171880;
10.2713913;
10.9134137;
11.5291803;
12.2462846;
12.9671816;
13.7300396;
14.5550852;
15.3940991;
16.3515978;
17.2791923;
18.3274570;
19.4343760;
20.5427825;
21.8268275;
23.0583606;
24.4925692;
25.9343633;
27.4600791;
29.1101704;
30.7881982;
32.7031956;
34.5583846;
36.6549139;
38.8687519;
41.0855651;
43.6536550;
46.1167211;
48.9851384;
51.8687266;
54.9201583;
58.2203408;
61.5763965;
65.4063912;
69.1167693;
73.3098278;
77.7375039;
82.1711301;
87.3073099;
92.2334423;
97.9702768;
103.7374531;
109.8403166;
116.4406815;
123.1527930;
130.8127825;
138.2335386;
146.6196556;
155.4750077;
164.3422602;
174.6146198;
184.4668845;
195.9405537;
207.4749063;
219.6806332;
232.8813631;
246.3055860;
261.6255650;
276.4670772;
293.2393112;
310.9500154;
328.6845205;
349.2292396;
368.9337691;
391.8811074;
414.9498125;
439.3612663;
465.7627261;
492.6111719;
523.2511300;
552.9341544;
586.4786225;
621.9000309;
657.3690410;
698.4584793;
737.8675381;
783.7622147;
829.8996250;
878.7225327;
931.5254523;
985.2223439;
1046.5022600;
1105.8683088;
1172.9572450;
1243.8000617;
1314.7380819;
1396.9169586;
1475.7350762;
1567.5244294;
1659.7992500;
1757.4450653;
1863.0509045;
1970.4446877;
2093.0045200;
2211.7366175;
2345.9144900;
2487.6001234;
2629.4761638;
2793.8339172;
2951.4701524;
3135.0488589;
3319.5985000;
3514.8901307;
3726.1018090;
3940.8893754;
4186.0090400;
4423.4732350;
4691.8289800;
4975.2002469;
5258.9523277;
5587.6678343;
5902.9403049;
6270.0977177;
6639.1970001;
7029.7802613;
7452.2036181;
7881.7787509;
8372.0180800;
8846.9464700;
9383.6579599;
9950.4004938;
10517.9046554;
11175.3356686;
11805.8806098;
12540.1954355;
8.1757989;
8.6375379;
9.1925819;
9.7062631;
10.2486487;
10.9072220;
11.5199689;
12.2602366;
12.9489934;
13.7267289;
14.5511763;
15.3642955;
16.3515978;
17.2750757;
18.3851638;
19.4125261;
20.4972974;
21.8144440;
23.0399379;
24.5204733;
25.8979867;
27.4534577;
29.1023526;
30.7285910;
32.7031956;
34.5501514;
36.7703277;
38.8250523;
40.9945948;
43.6288879;
46.0798757;
49.0409466;
51.7959735;
54.9069155;
58.2047052;
61.4571820;
65.4063912;
69.1003029;
73.5406554;
77.6501045;
81.9891896;
87.2577758;
92.1597514;
98.0818931;
103.5919470;
109.8138310;
116.4094104;
122.9143640;
130.8127825;
138.2006057;
147.0813108;
155.3002091;
163.9783792;
174.5155517;
184.3195028;
196.1637862;
207.1838940;
219.6276619;
232.8188208;
245.8287281;
261.6255650;
276.4012114;
294.1626215;
310.6004182;
327.9567583;
349.0311033;
368.6390056;
392.3275725;
414.3677880;
439.2553239;
465.6376416;
491.6574562;
523.2511300;
552.8024228;
588.3252431;
621.2008364;
655.9135166;
698.0622066;
737.2780113;
784.6551449;
828.7355759;
878.5106477;
931.2752832;
983.3149124;
1046.5022600;
1105.6048456;
1176.6504861;
1242.4016727;
1311.8270332;
1396.1244132;
1474.5560226;
1569.3102899;
1657.4711518;
1757.0212954;
1862.5505664;
1966.6298247;
2093.0045200;
2211.2096913;
2353.3009722;
2484.8033454;
2623.6540665;
2792.2488264;
2949.1120452;
3138.6205797;
3314.9423036;
3514.0425909;
3725.1011329;
3933.2596494;
4186.0090400;
4422.4193825;
4706.6019444;
4969.6066908;
5247.3081329;
5584.4976528;
5898.2240903;
6277.2411595;
6629.8846073;
7028.0851818;
7450.2022657;
7866.5192988;
8372.0180800;
8844.8387650;
9413.2038888;
9939.2133816;
10494.6162658;
11168.9953056;
11796.4481807;
12554.4823189;
8.1757989;
8.6867863;
9.1977738;
9.7406979;
10.2197486;
10.7307361;
11.3694704;
12.0401414;
12.2636984;
13.2856732;
14.0521544;
14.8825089;
16.3515978;
17.3735727;
18.3955475;
19.4813958;
20.4394973;
21.4614721;
22.7389407;
24.0802827;
24.5273967;
26.5713464;
28.1043087;
29.7650179;
32.7031956;
34.7471454;
36.7910951;
38.9627917;
40.8789945;
42.9229443;
45.4778814;
48.1605654;
49.0547934;
53.1426929;
56.2086175;
59.5300358;
65.4063912;
69.4942907;
73.5821902;
77.9255833;
81.7579891;
85.8458885;
90.9557628;
96.3211309;
98.1095869;
106.2853858;
112.4172350;
119.0600716;
130.8127825;
138.9885814;
147.1643803;
155.8511667;
163.5159781;
171.6917770;
181.9115257;
192.6422617;
196.2191737;
212.5707716;
224.8344699;
238.1201431;
261.6255650;
277.9771628;
294.3287606;
311.7023333;
327.0319563;
343.3835541;
363.8230513;
385.2845235;
392.4383475;
425.1415431;
449.6689398;
476.2402863;
523.2511300;
555.9543256;
588.6575212;
623.4046666;
654.0639125;
686.7671081;
727.6461027;
770.5690469;
784.8766950;
850.2830862;
899.3378797;
952.4805726;
1046.5022600;
1111.9086513;
1177.3150425;
1246.8093332;
1308.1278250;
1373.5342162;
1455.2922053;
1541.1380938;
1569.7533900;
1700.5661725;
1798.6757594;
1904.9611452;
2093.0045200;
2223.8173025;
2354.6300850;
2493.6186664;
2616.2556500;
2747.0684325;
2910.5844106;
3082.2761877;
3139.5067800;
3401.1323450;
3597.3515187;
3809.9222903;
4186.0090400;
4447.6346050;
4709.2601700;
4987.2373328;
5232.5113000;
5494.1368650;
5821.1688213;
6164.5523753;
6279.0135600;
6802.2646900;
7194.7030375;
7619.8445806;
8372.0180800;
8895.2692100;
9418.5203400;
9974.4746656;
10465.0226000;
10988.2737300;
11642.3376425;
12329.1047506;
8.1757989;
8.6277894;
9.1666667;
9.7062631;
10.2776229;
10.9195459;
11.5232216;
12.2429427;
12.9416841;
13.7267289;
14.5593946;
15.3903428;
16.3515978;
17.2555788;
18.3333333;
19.4125261;
20.5552457;
21.8390919;
23.0464432;
24.4858854;
25.8833682;
27.4534577;
29.1187892;
30.7806856;
32.7031956;
34.5111576;
36.6666666;
38.8250523;
41.1104914;
43.6781838;
46.0928865;
48.9717709;
51.7667364;
54.9069155;
58.2375784;
61.5613712;
65.4063912;
69.0223152;
73.3333333;
77.6501045;
82.2209828;
87.3563675;
92.1857730;
97.9435418;
103.5334728;
109.8138310;
116.4751568;
123.1227425;
130.8127825;
138.0446304;
146.6666666;
155.3002091;
164.4419656;
174.7127350;
184.3715460;
195.8870836;
207.0669456;
219.6276619;
232.9503135;
246.2454849;
261.6255650;
276.0892609;
293.3333331;
310.6004182;
328.8839313;
349.4254701;
368.7430919;
391.7741671;
414.1338911;
439.2553239;
465.9006270;
492.4909699;
523.2511300;
552.1785218;
586.6666663;
621.2008364;
657.7678625;
698.8509402;
737.4861839;
783.5483343;
828.2677822;
878.5106477;
931.8012541;
984.9819397;
1046.5022600;
1104.3570435;
1173.3333326;
1242.4016727;
1315.5357250;
1397.7018804;
1474.9723678;
1567.0966685;
1656.5355644;
1757.0212954;
1863.6025081;
1969.9638795;
2093.0045200;
2208.7140870;
2346.6666651;
2484.8033454;
2631.0714500;
2795.4037608;
2949.9447356;
3134.1933371;
3313.0711289;
3514.0425909;
3727.2050162;
3939.9277590;
4186.0090400;
4417.4281740;
4693.3333303;
4969.6066908;
5262.1429000;
5590.8075216;
5899.8894712;
6268.3866741;
6626.1422577;
7028.0851818;
7454.4100325;
7879.8555179;
8372.0180800;
8834.8563480;
9386.6666606;
9939.2133816;
10524.2858000;
11181.6150431;
11799.7789423;
12536.7733483;
8.1757989;
8.5651227;
8.9933788;
9.4667145;
9.9926431;
10.5804456;
11.2417235;
11.9911717;
12.8476840;
13.8359674;
14.3894061;
14.9889647;
16.3515978;
17.1302453;
17.9867576;
18.9334290;
19.9852862;
21.1608913;
22.4834470;
23.9823435;
25.6953680;
27.6719348;
28.7788122;
29.9779293;
32.7031956;
34.2604907;
35.9735152;
37.8668581;
39.9705724;
42.3217826;
44.9668940;
47.9646869;
51.3907360;
55.3438695;
57.5576243;
59.9558586;
65.4063912;
68.5209813;
71.9470304;
75.7337162;
79.9411449;
84.6435651;
89.9337880;
95.9293738;
102.7814720;
110.6877390;
115.1152486;
119.9117173;
130.8127825;
137.0419626;
143.8940608;
151.4674324;
159.8822897;
169.2871303;
179.8675759;
191.8587477;
205.5629439;
221.3754781;
230.2304972;
239.8234346;
261.6255650;
274.0839252;
287.7881215;
302.9348647;
319.7645794;
338.5742606;
359.7351519;
383.7174953;
411.1258879;
442.7509562;
460.4609944;
479.6468692;
523.2511300;
548.1678505;
575.5762430;
605.8697295;
639.5291589;
677.1485212;
719.4703037;
767.4349907;
822.2517757;
885.5019123;
920.9219888;
959.2937383;
1046.5022600;
1096.3357010;
1151.1524860;
1211.7394589;
1279.0583178;
1354.2970424;
1438.9406075;
1534.8699813;
1644.5035514;
1771.0038246;
1841.8439776;
1918.5874767;
2093.0045200;
2192.6714019;
2302.3049720;
2423.4789179;
2558.1166356;
2708.5940847;
2877.8812150;
3069.7399627;
3289.0071029;
3542.0076492;
3683.6879552;
3837.1749533;
4186.0090400;
4385.3428038;
4604.6099440;
4846.9578358;
5116.2332711;
5417.1881694;
5755.7624300;
6139.4799253;
6578.0142057;
7084.0152985;
7367.3759104;
7674.3499067;
8372.0180800;
8770.6856076;
9209.2198880;
9693.9156716;
10232.4665422;
10834.3763388;
11511.5248600;
12278.9598507;
8.1757989;
8.8047065;
9.1977738;
9.6623078;
10.4055622;
10.9010652;
11.3877199;
12.2636984;
12.8476840;
13.8359674;
14.5347536;
15.1836265;
16.3515978;
17.6094130;
18.3955475;
19.3246156;
20.8111245;
21.8021304;
22.7754398;
24.5273967;
25.6953680;
27.6719348;
29.0695072;
30.3672531;
32.7031956;
35.2188261;
36.7910951;
38.6492312;
41.6222490;
43.6042608;
45.5508796;
49.0547934;
51.3907360;
55.3438695;
58.1390144;
60.7345062;
65.4063912;
70.4376521;
73.5821902;
77.2984624;
83.2444980;
87.2085217;
91.1017592;
98.1095869;
102.7814720;
110.6877390;
116.2780289;
121.4690123;
130.8127825;
140.8753042;
147.1643803;
154.5969248;
166.4889959;
174.4170433;
182.2035185;
196.2191737;
205.5629439;
221.3754781;
232.5560578;
242.9380246;
261.6255650;
281.7506085;
294.3287606;
309.1938495;
332.9779918;
348.8340867;
364.4070370;
392.4383475;
411.1258879;
442.7509562;
465.1121156;
485.8760493;
523.2511300;
563.5012169;
588.6575212;
618.3876991;
665.9559836;
697.6681733;
728.8140739;
784.8766950;
822.2517757;
885.5019123;
930.2242311;
971.7520986;
1046.5022600;
1127.0024338;
1177.3150425;
1236.7753982;
1331.9119673;
1395.3363467;
1457.6281479;
1569.7533900;
1644.5035514;
1771.0038246;
1860.4484622;
1943.5041971;
2093.0045200;
2254.0048677;
2354.6300850;
2473.5507964;
2663.8239345;
2790.6726933;
2915.2562957;
3139.5067800;
3289.0071029;
3542.0076492;
3720.8969244;
3887.0083943;
4186.0090400;
4508.0097354;
4709.2601700;
4947.1015927;
5327.6478691;
5581.3453867;
5830.5125914;
6279.0135600;
6578.0142057;
7084.0152985;
7441.7938489;
7774.0167886;
8372.0180800;
9016.0194708;
9418.5203400;
9894.2031855;
10655.2957382;
11162.6907733;
11661.0251829;
12558.0271200;
8.1757989;
8.6570678;
9.1666667;
9.7172301;
10.2776229;
10.9195459;
11.5492763;
12.2429427;
12.9709460;
13.7267289;
14.5593946;
15.4077322;
16.3515978;
17.3141356;
18.3333333;
19.4344602;
20.5552457;
21.8390919;
23.0985526;
24.4858854;
25.9418920;
27.4534577;
29.1187892;
30.8154644;
32.7031956;
34.6282713;
36.6666666;
38.8689203;
41.1104914;
43.6781838;
46.1971051;
48.9717709;
51.8837839;
54.9069155;
58.2375784;
61.6309288;
65.4063912;
69.2565426;
73.3333333;
77.7378406;
82.2209828;
87.3563675;
92.3942103;
97.9435418;
103.7675679;
109.8138310;
116.4751568;
123.2618576;
130.8127825;
138.5130851;
146.6666666;
155.4756813;
164.4419656;
174.7127350;
184.7884205;
195.8870836;
207.5351357;
219.6276619;
232.9503135;
246.5237153;
261.6255650;
277.0261703;
293.3333331;
310.9513625;
328.8839313;
349.4254701;
369.5768411;
391.7741671;
415.0702714;
439.2553239;
465.9006270;
493.0474306;
523.2511300;
554.0523405;
586.6666663;
621.9027250;
657.7678625;
698.8509402;
739.1536821;
783.5483343;
830.1405428;
878.5106477;
931.8012541;
986.0948611;
1046.5022600;
1108.1046811;
1173.3333326;
1243.8054501;
1315.5357250;
1397.7018804;
1478.3073643;
1567.0966685;
1660.2810856;
1757.0212954;
1863.6025081;
1972.1897222;
2093.0045200;
2216.2093622;
2346.6666651;
2487.6109002;
2631.0714500;
2795.4037608;
2956.6147285;
3134.1933371;
3320.5621712;
3514.0425909;
3727.2050162;
3944.3794444;
4186.0090400;
4432.4187244;
4693.3333303;
4975.2218003;
5262.1429000;
5590.8075216;
5913.2294570;
6268.3866741;
6641.1243424;
7028.0851818;
7454.4100325;
7888.7588889;
8372.0180800;
8864.8374488;
9386.6666606;
9950.4436007;
10524.2858000;
11181.6150431;
11826.4589140;
12536.7733483;
8.1757989;
8.6633482;
9.1790226;
9.7243863;
10.3025689;
10.9135650;
11.5636281;
12.2511948;
12.9793963;
13.7513423;
14.5686105;
15.4343167;
16.3515978;
17.3266965;
18.3580453;
19.4487727;
20.6051379;
21.8271301;
23.1272562;
24.5023895;
25.9587926;
27.5026846;
29.1372210;
30.8686335;
32.7031956;
34.6533930;
36.7160905;
38.8975454;
41.2102757;
43.6542601;
46.2545124;
49.0047790;
51.9175853;
55.0053692;
58.2744419;
61.7372669;
65.4063912;
69.3067860;
73.4321810;
77.7950907;
82.4205515;
87.3085203;
92.5090249;
98.0095581;
103.8351705;
110.0107384;
116.5488839;
123.4745338;
130.8127825;
138.6135720;
146.8643620;
155.5901815;
164.8411030;
174.6170405;
185.0180497;
196.0191161;
207.6703410;
220.0214768;
233.0977678;
246.9490677;
261.6255650;
277.2271440;
293.7287241;
311.1803630;
329.6822060;
349.2340810;
370.0360995;
392.0382323;
415.3406821;
440.0429536;
466.1955355;
493.8981354;
523.2511300;
554.4542879;
587.4574482;
622.3607260;
659.3644119;
698.4681620;
740.0721990;
784.0764646;
830.6813641;
880.0859072;
932.3910711;
987.7962708;
1046.5022600;
1108.9085759;
1174.9148963;
1244.7214520;
1318.7288238;
1396.9363241;
1480.1443979;
1568.1529291;
1661.3627283;
1760.1718144;
1864.7821422;
1975.5925415;
2093.0045200;
2217.8171517;
2349.8297927;
2489.4429040;
2637.4576477;
2793.8726482;
2960.2887958;
3136.3058582;
3322.7254566;
3520.3436289;
3729.5642843;
3951.1850830;
4186.0090400;
4435.6343035;
4699.6595853;
4978.8858080;
5274.9152954;
5587.7452964;
5920.5775917;
6272.6117164;
6645.4509131;
7040.6872578;
7459.1285687;
7902.3701660;
8372.0180800;
8871.2686070;
9399.3191706;
9957.7716160;
10549.8305908;
11175.4905927;
11841.1551833;
12545.2234328;
8.1757989;
8.6131873;
9.1202168;
9.6898357;
10.2214745;
10.9010652;
11.4842498;
12.2016608;
12.9197810;
13.6493051;
14.5347536;
15.3166952;
16.3515978;
17.2263747;
18.2404335;
19.3796715;
20.4429490;
21.8021304;
22.9684995;
24.4033215;
25.8395620;
27.2986101;
29.0695072;
30.6333904;
32.7031956;
34.4527493;
36.4808670;
38.7593430;
40.8858979;
43.6042608;
45.9369991;
48.8066430;
51.6791240;
54.5972203;
58.1390144;
61.2667809;
65.4063912;
68.9054986;
72.9617340;
77.5186859;
81.7717959;
87.2085217;
91.8739981;
97.6132861;
103.3582479;
109.1944405;
116.2780289;
122.5335618;
130.8127825;
137.8109972;
145.9234680;
155.0373719;
163.5435918;
174.4170433;
183.7479963;
195.2265721;
206.7164958;
218.3888811;
232.5560578;
245.0671235;
261.6255650;
275.6219944;
291.8469360;
310.0747437;
327.0871835;
348.8340867;
367.4959925;
390.4531443;
413.4329916;
436.7777621;
465.1121156;
490.1342471;
523.2511300;
551.2439888;
583.6938721;
620.1494874;
654.1743670;
697.6681733;
734.9919851;
780.9062886;
826.8659832;
873.5555242;
930.2242311;
980.2684941;
1046.5022600;
1102.4879776;
1167.3877441;
1240.2989748;
1308.3487341;
1395.3363467;
1469.9839702;
1561.8125772;
1653.7319664;
1747.1110484;
1860.4484622;
1960.5369882;
2093.0045200;
2204.9759552;
2334.7754882;
2480.5979496;
2616.6974682;
2790.6726933;
2939.9679403;
3123.6251543;
3307.4639328;
3494.2220968;
3720.8969244;
3921.0739765;
4186.0090400;
4409.9519105;
4669.5509765;
4961.1958993;
5233.3949363;
5581.3453867;
5879.9358806;
6247.2503086;
6614.9278657;
6988.4441936;
7441.7938489;
7842.1479529;
8372.0180800;
8819.9038209;
9339.1019530;
9922.3917985;
10466.7898726;
11162.6907733;
11759.8717612;
12494.5006173;
8.1757989;
8.5651227;
8.9933788;
9.4667145;
9.9926431;
10.5804456;
11.2417235;
11.9911717;
12.8476840;
13.3235241;
13.8359674;
14.9889647;
16.3515978;
17.1302453;
17.9867576;
18.9334290;
19.9852862;
21.1608913;
22.4834470;
23.9823435;
25.6953680;
26.6470483;
27.6719348;
29.9779293;
32.7031956;
34.2604907;
35.9735152;
37.8668581;
39.9705724;
42.3217826;
44.9668940;
47.9646869;
51.3907360;
53.2940966;
55.3438695;
59.9558586;
65.4063912;
68.5209813;
71.9470304;
75.7337162;
79.9411449;
84.6435651;
89.9337880;
95.9293738;
102.7814720;
106.5881931;
110.6877390;
119.9117173;
130.8127825;
137.0419626;
143.8940608;
151.4674324;
159.8822897;
169.2871303;
179.8675759;
191.8587477;
205.5629439;
213.1763863;
221.3754781;
239.8234346;
261.6255650;
274.0839252;
287.7881215;
302.9348647;
319.7645794;
338.5742606;
359.7351519;
383.7174953;
411.1258879;
426.3527726;
442.7509562;
479.6468692;
523.2511300;
548.1678505;
575.5762430;
605.8697295;
639.5291589;
677.1485212;
719.4703037;
767.4349907;
822.2517757;
852.7055452;
885.5019123;
959.2937383;
1046.5022600;
1096.3357010;
1151.1524860;
1211.7394589;
1279.0583178;
1354.2970424;
1438.9406075;
1534.8699813;
1644.5035514;
1705.4110904;
1771.0038246;
1918.5874767;
2093.0045200;
2192.6714019;
2302.3049720;
2423.4789179;
2558.1166356;
2708.5940847;
2877.8812150;
3069.7399627;
3289.0071029;
3410.8221807;
3542.0076492;
3837.1749533;
4186.0090400;
4385.3428038;
4604.6099440;
4846.9578358;
5116.2332711;
5417.1881694;
5755.7624300;
6139.4799253;
6578.0142057;
6821.6443615;
7084.0152985;
7674.3499067;
8372.0180800;
8770.6856076;
9209.2198880;
9693.9156716;
10232.4665422;
10834.3763388;
11511.5248600;
12278.9598507;
8.1679688;
8.6580784;
9.1713890;
9.7150236;
10.2910131;
10.9074019;
11.5559502;
12.2379616;
12.9709645;
13.7399940;
14.5544328;
15.4200277;
16.3359375;
17.3161568;
18.3427780;
19.4300472;
20.5820262;
21.8148039;
23.1119003;
24.4759231;
25.9419289;
27.4799879;
29.1088657;
30.8400554;
32.6718750;
34.6323136;
36.6855560;
38.8600943;
41.1640525;
43.6296077;
46.2238006;
48.9518462;
51.8838578;
54.9599759;
58.2177314;
61.6801107;
65.3437500;
69.2646271;
73.3711121;
77.7201887;
82.3281050;
87.2592154;
92.4476012;
97.9036924;
103.7677157;
109.9199518;
116.4354628;
123.3602214;
130.6875000;
138.5292543;
146.7422242;
155.4403773;
164.6562100;
174.5184309;
184.8952025;
195.8073848;
207.5354313;
219.8399036;
232.8709256;
246.7204428;
261.3750000;
277.0585086;
293.4844484;
310.8807547;
329.3124200;
349.0368618;
369.7904049;
391.6147697;
415.0708627;
439.6798071;
465.7418511;
493.4408857;
522.7500000;
554.1170172;
586.9688967;
621.7615094;
658.6248399;
698.0737236;
739.5808099;
783.2295394;
830.1417254;
879.3596142;
931.4837022;
986.8817714;
1045.5000000;
1108.2340343;
1173.9377934;
1243.5230187;
1317.2496799;
1396.1474472;
1479.1616197;
1566.4590788;
1660.2834507;
1758.7192284;
1862.9674044;
1973.7635428;
2091.0000000;
2216.4680687;
2347.8755869;
2487.0460374;
2634.4993598;
2792.2948944;
2958.3232394;
3132.9181576;
3320.5669014;
3517.4384568;
3725.9348089;
3947.5270856;
4182.0000000;
4432.9361374;
4695.7511737;
4974.0920748;
5268.9987196;
5584.5897887;
5916.6464789;
6265.8363152;
6641.1338028;
7034.8769137;
7451.8696177;
7895.0541712;
8364.0000000;
8865.8722747;
9391.5023474;
9948.1841497;
10537.9974392;
11169.1795775;
11833.2929577;
12531.6726304;
8.1757989;
8.6272048;
9.1530129;
9.7056054;
10.2748378;
10.9069756;
11.5154167;
12.2305062;
12.9408073;
13.7146435;
14.5505190;
15.3872148;
16.3515978;
17.2544097;
18.3060258;
19.4112109;
20.5496756;
21.8139513;
23.0308334;
24.4610124;
25.8816145;
27.4292869;
29.1010381;
30.7744296;
32.7031956;
34.5088194;
36.6120515;
38.8224218;
41.0993511;
43.6279026;
46.0616668;
48.9220248;
51.7632290;
54.8585738;
58.2020761;
61.5488592;
65.4063912;
69.0176388;
73.2241031;
77.6448435;
82.1987023;
87.2558051;
92.1233335;
97.8440497;
103.5264581;
109.7171477;
116.4041523;
123.0977184;
130.8127825;
138.0352775;
146.4482062;
155.2896871;
164.3974045;
174.5116103;
184.2466671;
195.6880994;
207.0529162;
219.4342954;
232.8083046;
246.1954368;
261.6255650;
276.0705550;
292.8964124;
310.5793741;
328.7948090;
349.0232205;
368.4933342;
391.3761987;
414.1058324;
438.8685907;
465.6166092;
492.3908737;
523.2511300;
552.1411101;
585.7928248;
621.1587482;
657.5896180;
698.0464410;
736.9866684;
782.7523974;
828.2116647;
877.7371815;
931.2332184;
984.7817473;
1046.5022600;
1104.2822202;
1171.5856495;
1242.3174965;
1315.1792361;
1396.0928820;
1473.9733367;
1565.5047949;
1656.4233294;
1755.4743630;
1862.4664368;
1969.5634947;
2093.0045200;
2208.5644404;
2343.1712990;
2484.6349929;
2630.3584722;
2792.1857640;
2947.9466735;
3131.0095897;
3312.8466589;
3510.9487260;
3724.9328735;
3939.1269893;
4186.0090400;
4417.1288807;
4686.3425981;
4969.2699858;
5260.7169444;
5584.3715281;
5895.8933469;
6262.0191795;
6625.6933178;
7021.8974520;
7449.8657470;
7878.2539786;
8372.0180800;
8834.2577614;
9372.6851962;
9938.5399717;
10521.4338888;
11168.7430562;
11791.7866938;
12524.0383589;
8.1757989;
8.5801719;
9.1521833;
9.6832683;
10.2451712;
10.9281826;
11.4686878;
12.2332670;
12.8906249;
13.6942094;
14.5478881;
15.3296229;
16.3515978;
17.1603437;
18.3043667;
19.3665366;
20.4903424;
21.8563653;
22.9373756;
24.4665339;
25.7812499;
27.3884187;
29.0957762;
30.6592459;
32.7031956;
34.3206874;
36.6087334;
38.7330732;
40.9806848;
43.7127306;
45.8747512;
48.9330678;
51.5624998;
54.7768375;
58.1915524;
61.3184918;
65.4063912;
68.6413749;
73.2174667;
77.4661465;
81.9613696;
87.4254611;
91.7495024;
97.8661356;
103.1249996;
109.5536750;
116.3831048;
122.6369836;
130.8127825;
137.2827498;
146.4349335;
154.9322930;
163.9227391;
174.8509222;
183.4990048;
195.7322712;
206.2499992;
219.1073500;
232.7662095;
245.2739672;
261.6255650;
274.5654995;
292.8698670;
309.8645859;
327.8454783;
349.7018445;
366.9980096;
391.4645424;
412.4999984;
438.2146999;
465.5324191;
490.5479344;
523.2511300;
549.1309991;
585.7397340;
619.7291719;
655.6909566;
699.4036889;
733.9960192;
782.9290848;
824.9999968;
876.4293999;
931.0648382;
981.0958688;
1046.5022600;
1098.2619982;
1171.4794679;
1239.4583438;
1311.3819132;
1398.8073779;
1467.9920385;
1565.8581696;
1649.9999936;
1752.8587997;
1862.1296764;
1962.1917375;
2093.0045200;
2196.5239964;
2342.9589359;
2478.9166875;
2622.7638264;
2797.6147558;
2935.9840769;
3131.7163392;
3299.9999872;
3505.7175995;
3724.2593528;
3924.3834750;
4186.0090400;
4393.0479928;
4685.9178718;
4957.8333751;
5245.5276527;
5595.2295116;
5871.9681539;
6263.4326784;
6599.9999744;
7011.4351990;
7448.5187055;
7848.7669500;
8372.0180800;
8786.0959855;
9371.8357435;
9915.6667501;
10491.0553055;
11190.4590231;
11743.9363078;
12526.8653568;
8.1757989;
8.6615737;
9.1733364;
9.7198330;
10.2955660;
10.9103747;
11.5580744;
12.2497342;
12.9783963;
13.7460404;
14.5657853;
15.4293848;
16.3515978;
17.3231473;
18.3466728;
19.4396660;
20.5911321;
21.8207494;
23.1161487;
24.4994683;
25.9567926;
27.4920807;
29.1315706;
30.8587696;
32.7031956;
34.6462946;
36.6933456;
38.8793321;
41.1822642;
43.6414988;
46.2322975;
48.9989367;
51.9135852;
54.9841614;
58.2631411;
61.7175393;
65.4063912;
69.2925893;
73.3866911;
77.7586641;
82.3645283;
87.2829976;
92.4645950;
97.9978734;
103.8271704;
109.9683229;
116.5262823;
123.4350786;
130.8127825;
138.5851786;
146.7733823;
155.5173282;
164.7290567;
174.5659953;
184.9291900;
195.9957467;
207.6543408;
219.9366457;
233.0525646;
246.8701571;
261.6255650;
277.1703571;
293.5467645;
311.0346564;
329.4581133;
349.1319906;
369.8583800;
391.9914935;
415.3086817;
439.8732915;
466.1051291;
493.7403143;
523.2511300;
554.3407143;
587.0935291;
622.0693128;
658.9162267;
698.2639811;
739.7167600;
783.9829870;
830.6173634;
879.7465830;
932.2102583;
987.4806286;
1046.5022600;
1108.6814285;
1174.1870581;
1244.1386257;
1317.8324533;
1396.5279622;
1479.4335200;
1567.9659739;
1661.2347267;
1759.4931660;
1864.4205166;
1974.9612572;
2093.0045200;
2217.3628570;
2348.3741163;
2488.2772514;
2635.6649066;
2793.0559245;
2958.8670400;
3135.9319479;
3322.4694535;
3518.9863319;
3728.8410331;
3949.9225143;
4186.0090400;
4434.7257141;
4696.7482326;
4976.5545028;
5271.3298133;
5586.1118490;
5917.7340800;
6271.8638957;
6644.9389070;
7037.9726639;
7457.6820663;
7899.8450287;
8372.0180800;
8869.4514282;
9393.4964651;
9953.1090055;
10542.6596266;
11172.2236979;
11835.4681600;
12543.7277915;
8.1757989;
8.7208522;
9.1977738;
9.5384321;
10.2197486;
10.9010652;
11.4461185;
12.2636984;
13.0812783;
14.0156553;
14.3076481;
15.3296229;
16.3515978;
17.4417043;
18.3955475;
19.0768641;
20.4394973;
21.8021304;
22.8922369;
24.5273967;
26.1625565;
28.0313105;
28.6152962;
30.6592459;
32.7031956;
34.8834087;
36.7910951;
38.1537282;
40.8789945;
43.6042608;
45.7844739;
49.0547934;
52.3251130;
56.0626211;
57.2305923;
61.3184918;
65.4063912;
69.7668173;
73.5821902;
76.3074565;
81.7579891;
87.2085217;
91.5689477;
98.1095869;
104.6502260;
112.1252421;
114.4611847;
122.6369836;
130.8127825;
139.5336347;
147.1643803;
152.6149129;
163.5159781;
174.4170433;
183.1378955;
196.2191737;
209.3004520;
224.2504843;
228.9223694;
245.2739672;
261.6255650;
279.0672693;
294.3287606;
305.2298258;
327.0319563;
348.8340867;
366.2757910;
392.4383475;
418.6009040;
448.5009686;
457.8447387;
490.5479344;
523.2511300;
558.1345387;
588.6575212;
610.4596517;
654.0639125;
697.6681733;
732.5515820;
784.8766950;
837.2018080;
897.0019371;
915.6894775;
981.0958688;
1046.5022600;
1116.2690773;
1177.3150425;
1220.9193033;
1308.1278250;
1395.3363467;
1465.1031640;
1569.7533900;
1674.4036160;
1794.0038743;
1831.3789550;
1962.1917375;
2093.0045200;
2232.5381547;
2354.6300850;
2441.8386067;
2616.2556500;
2790.6726933;
2930.2063280;
3139.5067800;
3348.8072320;
3588.0077486;
3662.7579100;
3924.3834750;
4186.0090400;
4465.0763093;
4709.2601700;
4883.6772133;
5232.5113000;
5581.3453867;
5860.4126560;
6279.0135600;
6697.6144640;
7176.0154971;
7325.5158200;
7848.7669500;
8372.0180800;
8930.1526187;
9418.5203400;
9767.3544267;
10465.0226000;
11162.6907733;
11720.8253120;
12558.0271200;
8.1757989;
8.5164572;
9.0842210;
9.5384321;
10.2197486;
10.7307361;
11.4461185;
12.2636984;
13.0812783;
14.0156553;
14.3076481;
15.3296229;
16.3515978;
17.0329144;
18.1684420;
19.0768641;
20.4394973;
21.4614721;
22.8922369;
24.5273967;
26.1625565;
28.0313105;
28.6152962;
30.6592459;
32.7031956;
34.0658288;
36.3368840;
38.1537282;
40.8789945;
42.9229443;
45.7844739;
49.0547934;
52.3251130;
56.0626211;
57.2305923;
61.3184918;
65.4063912;
68.1316576;
72.6737681;
76.3074565;
81.7579891;
85.8458885;
91.5689477;
98.1095869;
104.6502260;
112.1252421;
114.4611847;
122.6369836;
130.8127825;
136.2633151;
145.3475361;
152.6149129;
163.5159781;
171.6917770;
183.1378955;
196.2191737;
209.3004520;
224.2504843;
228.9223694;
245.2739672;
261.6255650;
272.5266302;
290.6950722;
305.2298258;
327.0319563;
343.3835541;
366.2757910;
392.4383475;
418.6009040;
448.5009686;
457.8447387;
490.5479344;
523.2511300;
545.0532604;
581.3901444;
610.4596517;
654.0639125;
686.7671081;
732.5515820;
784.8766950;
837.2018080;
897.0019371;
915.6894775;
981.0958688;
1046.5022600;
1090.1065208;
1162.7802889;
1220.9193033;
1308.1278250;
1373.5342162;
1465.1031640;
1569.7533900;
1674.4036160;
1794.0038743;
1831.3789550;
1962.1917375;
2093.0045200;
2180.2130417;
2325.5605778;
2441.8386067;
2616.2556500;
2747.0684325;
2930.2063280;
3139.5067800;
3348.8072320;
3588.0077486;
3662.7579100;
3924.3834750;
4186.0090400;
4360.4260833;
4651.1211556;
4883.6772133;
5232.5113000;
5494.1368650;
5860.4126560;
6279.0135600;
6697.6144640;
7176.0154971;
7325.5158200;
7848.7669500;
8372.0180800;
8720.8521667;
9302.2423111;
9767.3544267;
10465.0226000;
10988.2737300;
11720.8253120;
12558.0271200;
8.1757989;
8.7208522;
9.1296421;
9.8109587;
10.3560119;
10.9010652;
11.4461185;
12.2636984;
13.0812783;
13.6263315;
14.4439114;
15.2614913;
16.3515978;
17.4417043;
18.2592842;
19.6219174;
20.7120239;
21.8021304;
22.8922369;
24.5273967;
26.1625565;
27.2526630;
28.8878228;
30.5229826;
32.7031956;
34.8834087;
36.5185684;
39.2438347;
41.4240478;
43.6042608;
45.7844739;
49.0547934;
52.3251130;
54.5053260;
57.7756456;
61.0459652;
65.4063912;
69.7668173;
73.0371369;
78.4876695;
82.8480956;
87.2085217;
91.5689477;
98.1095869;
104.6502260;
109.0106521;
115.5512912;
122.0919303;
130.8127825;
139.5336347;
146.0742738;
156.9753390;
165.6961912;
174.4170433;
183.1378955;
196.2191737;
209.3004520;
218.0213042;
231.1025824;
244.1838607;
261.6255650;
279.0672693;
292.1485476;
313.9506780;
331.3923823;
348.8340867;
366.2757910;
392.4383475;
418.6009040;
436.0426083;
462.2051648;
488.3677213;
523.2511300;
558.1345387;
584.2970952;
627.9013560;
662.7847647;
697.6681733;
732.5515820;
784.8766950;
837.2018080;
872.0852167;
924.4103297;
976.7354427;
1046.5022600;
1116.2690773;
1168.5941903;
1255.8027120;
1325.5695293;
1395.3363467;
1465.1031640;
1569.7533900;
1674.4036160;
1744.1704333;
1848.8206593;
1953.4708853;
2093.0045200;
2232.5381547;
2337.1883807;
2511.6054240;
2651.1390587;
2790.6726933;
2930.2063280;
3139.5067800;
3348.8072320;
3488.3408667;
3697.6413187;
3906.9417707;
4186.0090400;
4465.0763093;
4674.3767613;
5023.2108480;
5302.2781173;
5581.3453867;
5860.4126560;
6279.0135600;
6697.6144640;
6976.6817333;
7395.2826373;
7813.8835413;
8372.0180800;
8930.1526187;
9348.7535227;
10046.4216960;
10604.5562347;
11162.6907733;
11720.8253120;
12558.0271200;
8.1757989;
8.7208522;
9.1977738;
9.8109587;
10.2197486;
10.9010652;
11.4461185;
12.2636984;
13.0812783;
13.6263315;
14.7164380;
15.3296229;
16.3515978;
17.4417043;
18.3955475;
19.6219174;
20.4394973;
21.8021304;
22.8922369;
24.5273967;
26.1625565;
27.2526630;
29.4328761;
30.6592459;
32.7031956;
34.8834087;
36.7910951;
39.2438347;
40.8789945;
43.6042608;
45.7844739;
49.0547934;
52.3251130;
54.5053260;
58.8657521;
61.3184918;
65.4063912;
69.7668173;
73.5821902;
78.4876695;
81.7579891;
87.2085217;
91.5689477;
98.1095869;
104.6502260;
109.0106521;
117.7315043;
122.6369836;
130.8127825;
139.5336347;
147.1643803;
156.9753390;
163.5159781;
174.4170433;
183.1378955;
196.2191737;
209.3004520;
218.0213042;
235.4630085;
245.2739672;
261.6255650;
279.0672693;
294.3287606;
313.9506780;
327.0319563;
348.8340867;
366.2757910;
392.4383475;
418.6009040;
436.0426083;
470.9260170;
490.5479344;
523.2511300;
558.1345387;
588.6575212;
627.9013560;
654.0639125;
697.6681733;
732.5515820;
784.8766950;
837.2018080;
872.0852167;
941.8520340;
981.0958688;
1046.5022600;
1116.2690773;
1177.3150425;
1255.8027120;
1308.1278250;
1395.3363467;
1465.1031640;
1569.7533900;
1674.4036160;
1744.1704333;
1883.7040680;
1962.1917375;
2093.0045200;
2232.5381547;
2354.6300850;
2511.6054240;
2616.2556500;
2790.6726933;
2930.2063280;
3139.5067800;
3348.8072320;
3488.3408667;
3767.4081360;
3924.3834750;
4186.0090400;
4465.0763093;
4709.2601700;
5023.2108480;
5232.5113000;
5581.3453867;
5860.4126560;
6279.0135600;
6697.6144640;
6976.6817333;
7534.8162720;
7848.7669500;
8372.0180800;
8930.1526187;
9418.5203400;
10046.4216960;
10465.0226000;
11162.6907733;
11720.8253120;
12558.0271200;
8.1757989;
8.5164572;
8.8298628;
9.4627302;
9.8109587;
10.2197486;
11.3552763;
11.7731504;
12.2636984;
13.6263315;
14.1940953;
14.7164380;
16.3515978;
17.0329144;
17.6597256;
18.9254604;
19.6219174;
20.4394973;
22.7105525;
23.5463008;
24.5273967;
27.2526630;
28.3881906;
29.4328761;
32.7031956;
34.0658288;
35.3194513;
37.8509209;
39.2438347;
40.8789945;
45.4211050;
47.0926017;
49.0547934;
54.5053260;
56.7763813;
58.8657521;
65.4063912;
68.1316576;
70.6389025;
75.7018417;
78.4876695;
81.7579891;
90.8422101;
94.1852034;
98.1095869;
109.0106521;
113.5527626;
117.7315043;
130.8127825;
136.2633151;
141.2778051;
151.4036834;
156.9753390;
163.5159781;
181.6844201;
188.3704068;
196.2191737;
218.0213042;
227.1055252;
235.4630085;
261.6255650;
272.5266302;
282.5556102;
302.8073669;
313.9506780;
327.0319563;
363.3688403;
376.7408136;
392.4383475;
436.0426083;
454.2110503;
470.9260170;
523.2511300;
545.0532604;
565.1112204;
605.6147338;
627.9013560;
654.0639125;
726.7376806;
753.4816272;
784.8766950;
872.0852167;
908.4221007;
941.8520340;
1046.5022600;
1090.1065208;
1130.2224408;
1211.2294676;
1255.8027120;
1308.1278250;
1453.4753611;
1506.9632544;
1569.7533900;
1744.1704333;
1816.8442014;
1883.7040680;
2093.0045200;
2180.2130417;
2260.4448816;
2422.4589352;
2511.6054240;
2616.2556500;
2906.9507222;
3013.9265088;
3139.5067800;
3488.3408667;
3633.6884028;
3767.4081360;
4186.0090400;
4360.4260833;
4520.8897632;
4844.9178704;
5023.2108480;
5232.5113000;
5813.9014444;
6027.8530176;
6279.0135600;
6976.6817333;
7267.3768056;
7534.8162720;
8372.0180800;
8720.8521667;
9041.7795264;
9689.8357407;
10046.4216960;
10465.0226000;
11627.8028889;
12055.7060352;
8.1757989;
8.6326623;
9.1563210;
9.7007842;
10.2544370;
10.9010652;
11.5232216;
12.2360320;
12.9343789;
13.7034971;
14.5347536;
15.3816555;
16.3515978;
17.2653245;
18.3126420;
19.4015684;
20.5088740;
21.8021304;
23.0464432;
24.4720640;
25.8687579;
27.4069943;
29.0695072;
30.7633109;
32.7031956;
34.5306490;
36.6252841;
38.8031368;
41.0177479;
43.6042608;
46.0928865;
48.9441280;
51.7375158;
54.8139886;
58.1390144;
61.5266219;
65.4063912;
69.0612980;
73.2505682;
77.6062736;
82.0354959;
87.2085217;
92.1857730;
97.8882559;
103.4750316;
109.6279771;
116.2780289;
123.0532438;
130.8127825;
138.1225961;
146.5011364;
155.2125473;
164.0709918;
174.4170433;
184.3715460;
195.7765118;
206.9500631;
219.2559543;
232.5560578;
246.1064875;
261.6255650;
276.2451921;
293.0022728;
310.4250946;
328.1419836;
348.8340867;
368.7430919;
391.5530236;
413.9001263;
438.5119086;
465.1121156;
492.2129751;
523.2511300;
552.4903842;
586.0045455;
620.8501891;
656.2839671;
697.6681733;
737.4861839;
783.1060473;
827.8002526;
877.0238171;
930.2242311;
984.4259502;
1046.5022600;
1104.9807684;
1172.0090911;
1241.7003782;
1312.5679342;
1395.3363467;
1474.9723678;
1566.2120945;
1655.6005052;
1754.0476342;
1860.4484622;
1968.8519003;
2093.0045200;
2209.9615369;
2344.0181821;
2483.4007565;
2625.1358684;
2790.6726933;
2949.9447356;
3132.4241891;
3311.2010103;
3508.0952684;
3720.8969244;
3937.7038007;
4186.0090400;
4419.9230737;
4688.0363643;
4966.8015130;
5250.2717368;
5581.3453867;
5899.8894712;
6264.8483782;
6622.4020206;
7016.1905368;
7441.7938489;
7875.4076013;
8372.0180800;
8839.8461474;
9376.0727286;
9933.6030259;
10500.5434737;
11162.6907733;
11799.7789423;
12529.6967563;
8.1757989;
8.6034663;
9.1563210;
9.6898357;
10.2544370;
10.9010652;
11.5102163;
12.2360320;
12.9051996;
13.7034971;
14.5347536;
15.3816555;
16.3515978;
17.2069327;
18.3126420;
19.3796715;
20.5088740;
21.8021304;
23.0204327;
24.4720640;
25.8103991;
27.4069943;
29.0695072;
30.7633109;
32.7031956;
34.4138653;
36.6252841;
38.7593430;
41.0177479;
43.6042608;
46.0408654;
48.9441280;
51.6207982;
54.8139886;
58.1390144;
61.5266219;
65.4063912;
68.8277306;
73.2505682;
77.5186859;
82.0354959;
87.2085217;
92.0817307;
97.8882559;
103.2415964;
109.6279771;
116.2780289;
123.0532438;
130.8127825;
137.6554612;
146.5011364;
155.0373719;
164.0709918;
174.4170433;
184.1634615;
195.7765118;
206.4831929;
219.2559543;
232.5560578;
246.1064875;
261.6255650;
275.3109224;
293.0022728;
310.0747437;
328.1419836;
348.8340867;
368.3269230;
391.5530236;
412.9663858;
438.5119086;
465.1121156;
492.2129751;
523.2511300;
550.6218448;
586.0045455;
620.1494874;
656.2839671;
697.6681733;
736.6538460;
783.1060473;
825.9327716;
877.0238171;
930.2242311;
984.4259502;
1046.5022600;
1101.2436896;
1172.0090911;
1240.2989748;
1312.5679342;
1395.3363467;
1473.3076920;
1566.2120945;
1651.8655432;
1754.0476342;
1860.4484622;
1968.8519003;
2093.0045200;
2202.4873793;
2344.0181821;
2480.5979496;
2625.1358684;
2790.6726933;
2946.6153840;
3132.4241891;
3303.7310863;
3508.0952684;
3720.8969244;
3937.7038007;
4186.0090400;
4404.9747585;
4688.0363643;
4961.1958993;
5250.2717368;
5581.3453867;
5893.2307679;
6264.8483782;
6607.4621726;
7016.1905368;
7441.7938489;
7875.4076013;
8372.0180800;
8809.9495170;
9376.0727286;
9922.3917985;
10500.5434737;
11162.6907733;
11786.4615358;
12529.6967563;
8.1757989;
8.5961749;
9.1408211;
9.6802615;
10.2197486;
10.9010652;
11.4615665;
12.2256709;
12.8942623;
13.6687157;
14.5203922;
15.2820886;
16.3515978;
17.1923497;
18.2816422;
19.3605230;
20.4394973;
21.8021304;
22.9231330;
24.4513419;
25.7885245;
27.3374313;
29.0407845;
30.5641773;
32.7031956;
34.3846994;
36.5632843;
38.7210460;
40.8789945;
43.6042608;
45.8462659;
48.9026838;
51.5770491;
54.6748627;
58.0815690;
61.1283546;
65.4063912;
68.7693988;
73.1265686;
77.4420920;
81.7579891;
87.2085217;
91.6925318;
97.8053675;
103.1540982;
109.3497254;
116.1631379;
122.2567091;
130.8127825;
137.5387976;
146.2531373;
154.8841840;
163.5159781;
174.4170433;
183.3850636;
195.6107351;
206.3081964;
218.6994507;
232.3262758;
244.5134183;
261.6255650;
275.0775953;
292.5062745;
309.7683679;
327.0319563;
348.8340867;
366.7701272;
391.2214701;
412.6163927;
437.3989015;
464.6525516;
489.0268365;
523.2511300;
550.1551906;
585.0125490;
619.5367358;
654.0639125;
697.6681733;
733.5402544;
782.4429402;
825.2327854;
874.7978030;
929.3051033;
978.0536731;
1046.5022600;
1100.3103811;
1170.0250981;
1239.0734717;
1308.1278250;
1395.3363467;
1467.0805089;
1564.8858804;
1650.4655708;
1749.5956059;
1858.6102065;
1956.1073462;
2093.0045200;
2200.6207622;
2340.0501961;
2478.1469433;
2616.2556500;
2790.6726933;
2934.1610178;
3129.7717608;
3300.9311417;
3499.1912119;
3717.2204131;
3912.2146923;
4186.0090400;
4401.2415245;
4680.1003922;
4956.2938866;
5232.5113000;
5581.3453867;
5868.3220356;
6259.5435217;
6601.8622834;
6998.3824237;
7434.4408262;
7824.4293846;
8372.0180800;
8802.4830489;
9360.2007845;
9912.5877732;
10465.0226000;
11162.6907733;
11736.6440711;
12519.0870434;
8.1757989;
8.6131873;
9.1480529;
9.6898357;
10.2359260;
10.9010652;
11.4842498;
12.2305062;
12.9197810;
13.6849401;
14.5347536;
15.3538889;
16.3515978;
17.2263747;
18.2961058;
19.3796715;
20.4718519;
21.8021304;
22.9684995;
24.4610124;
25.8395620;
27.3698801;
29.0695072;
30.7077779;
32.7031956;
34.4527493;
36.5922117;
38.7593430;
40.9437038;
43.6042608;
45.9369991;
48.9220248;
51.6791240;
54.7397603;
58.1390144;
61.4155557;
65.4063912;
68.9054986;
73.1844234;
77.5186859;
81.8874077;
87.2085217;
91.8739981;
97.8440497;
103.3582479;
109.4795206;
116.2780289;
122.8311115;
130.8127825;
137.8109972;
146.3688468;
155.0373719;
163.7748154;
174.4170433;
183.7479963;
195.6880994;
206.7164958;
218.9590412;
232.5560578;
245.6622229;
261.6255650;
275.6219944;
292.7376935;
310.0747437;
327.5496307;
348.8340867;
367.4959925;
391.3761987;
413.4329916;
437.9180823;
465.1121156;
491.3244458;
523.2511300;
551.2439888;
585.4753870;
620.1494874;
655.0992614;
697.6681733;
734.9919851;
782.7523974;
826.8659832;
875.8361646;
930.2242311;
982.6488916;
1046.5022600;
1102.4879776;
1170.9507740;
1240.2989748;
1310.1985228;
1395.3363467;
1469.9839702;
1565.5047949;
1653.7319664;
1751.6723292;
1860.4484622;
1965.2977833;
2093.0045200;
2204.9759552;
2341.9015481;
2480.5979496;
2620.3970457;
2790.6726933;
2939.9679403;
3131.0095897;
3307.4639328;
3503.3446584;
3720.8969244;
3930.5955666;
4186.0090400;
4409.9519105;
4683.8030961;
4961.1958993;
5240.7940914;
5581.3453867;
5879.9358806;
6262.0191795;
6614.9278657;
7006.6893169;
7441.7938489;
7861.1911332;
8372.0180800;
8819.9038209;
9367.6061923;
9922.3917985;
10481.5881828;
11162.6907733;
11759.8717612;
12524.0383589;
8.1679688;
9.1889648;
9.6682079;
10.2099609;
10.7204590;
11.2309570;
11.7414551;
12.2519531;
12.7624512;
13.7834473;
14.9746094;
15.8254395;
16.3359375;
18.3779297;
19.3364158;
20.4199219;
21.4409180;
22.4619141;
23.4829102;
24.5039063;
25.5249023;
27.5668945;
29.9492188;
31.6508789;
32.6718750;
36.7558594;
38.6728316;
40.8398438;
42.8818359;
44.9238281;
46.9658203;
49.0078125;
51.0498047;
55.1337891;
59.8984375;
63.3017578;
65.3437500;
73.5117188;
77.3456633;
81.6796875;
85.7636719;
89.8476563;
93.9316406;
98.0156250;
102.0996094;
110.2675781;
119.7968750;
126.6035156;
130.6875000;
147.0234375;
154.6913265;
163.3593750;
171.5273438;
179.6953125;
187.8632813;
196.0312500;
204.1992188;
220.5351563;
239.5937500;
253.2070313;
261.3750000;
294.0468750;
309.3826531;
326.7187500;
343.0546875;
359.3906250;
375.7265625;
392.0625000;
408.3984375;
441.0703125;
479.1875000;
506.4140625;
522.7500000;
588.0937500;
618.7653061;
653.4375000;
686.1093750;
718.7812500;
751.4531250;
784.1250000;
816.7968750;
882.1406250;
958.3750000;
1012.8281250;
1045.5000000;
1176.1875000;
1237.5306122;
1306.8750000;
1372.2187500;
1437.5625000;
1502.9062500;
1568.2500000;
1633.5937500;
1764.2812500;
1916.7500000;
2025.6562500;
2091.0000000;
2352.3750000;
2475.0612245;
2613.7500000;
2744.4375000;
2875.1250000;
3005.8125000;
3136.5000000;
3267.1875000;
3528.5625000;
3833.5000000;
4051.3125000;
4182.0000000;
4704.7500000;
4950.1224490;
5227.5000000;
5488.8750000;
5750.2500000;
6011.6250000;
6273.0000000;
6534.3750000;
7057.1250000;
7667.0000000;
8102.6250000;
8364.0000000;
9409.5000000;
9900.2448980;
10455.0000000;
10977.7500000;
11500.5000000;
12023.2500000;
12546.0000000;
8.1679688;
8.6714694;
9.1716802;
9.7041139;
10.3008555;
10.8998435;
11.5711778;
12.2381254;
12.9933764;
13.7436925;
14.5423431;
15.4374555;
16.3359375;
17.3429389;
18.3433603;
19.4082279;
20.6017110;
21.7996870;
23.1423556;
24.4762508;
25.9867529;
27.4873849;
29.0846863;
30.8749110;
32.6718750;
34.6858777;
36.6867207;
38.8164557;
41.2034220;
43.5993739;
46.2847111;
48.9525015;
51.9735058;
54.9747699;
58.1693726;
61.7498219;
65.3437500;
69.3717555;
73.3734413;
77.6329114;
82.4068440;
87.1987478;
92.5694223;
97.9050031;
103.9470116;
109.9495398;
116.3387452;
123.4996439;
130.6875000;
138.7435110;
146.7468827;
155.2658229;
164.8136880;
174.3974957;
185.1388446;
195.8100061;
207.8940231;
219.8990795;
232.6774903;
246.9992878;
261.3750000;
277.4870220;
293.4937654;
310.5316457;
329.6273760;
348.7949914;
370.2776892;
391.6200122;
415.7880462;
439.7981590;
465.3549807;
493.9985756;
522.7500000;
554.9740440;
586.9875308;
621.0632915;
659.2547519;
697.5899828;
740.5553783;
783.2400244;
831.5760925;
879.5963180;
930.7099614;
987.9971511;
1045.5000000;
1109.9480879;
1173.9750615;
1242.1265830;
1318.5095039;
1395.1799655;
1481.1107566;
1566.4800489;
1663.1521850;
1759.1926361;
1861.4199228;
1975.9943022;
2091.0000000;
2219.8961759;
2347.9501230;
2484.2531659;
2637.0190078;
2790.3599310;
2962.2215133;
3132.9600977;
3326.3043699;
3518.3852722;
3722.8398455;
3951.9886045;
4182.0000000;
4439.7923518;
4695.9002460;
4968.5063318;
5274.0380155;
5580.7198621;
5924.4430266;
6265.9201955;
6652.6087398;
7036.7705444;
7445.6796910;
7903.9772089;
8364.0000000;
8879.5847036;
9391.8004921;
9937.0126637;
10548.0760311;
11161.4397242;
11848.8860531;
12531.8403910;
8.1679688;
8.8486328;
9.1889648;
9.5292969;
9.9830729;
10.8906250;
11.7981771;
12.2519531;
12.7057292;
13.2729492;
14.2939453;
14.9746094;
16.3359375;
17.6972656;
18.3779297;
19.0585938;
19.9661458;
21.7812500;
23.5963542;
24.5039063;
25.4114583;
26.5458984;
28.5878906;
29.9492188;
32.6718750;
35.3945313;
36.7558594;
38.1171875;
39.9322917;
43.5625000;
47.1927083;
49.0078125;
50.8229167;
53.0917969;
57.1757813;
59.8984375;
65.3437500;
70.7890625;
73.5117188;
76.2343750;
79.8645833;
87.1250000;
94.3854167;
98.0156250;
101.6458333;
106.1835938;
114.3515625;
119.7968750;
130.6875000;
141.5781250;
147.0234375;
152.4687500;
159.7291667;
174.2500000;
188.7708333;
196.0312500;
203.2916667;
212.3671875;
228.7031250;
239.5937500;
261.3750000;
283.1562500;
294.0468750;
304.9375000;
319.4583333;
348.5000000;
377.5416667;
392.0625000;
406.5833333;
424.7343750;
457.4062500;
479.1875000;
522.7500000;
566.3125000;
588.0937500;
609.8750000;
638.9166667;
697.0000000;
755.0833333;
784.1250000;
813.1666667;
849.4687500;
914.8125000;
958.3750000;
1045.5000000;
1132.6250000;
1176.1875000;
1219.7500000;
1277.8333333;
1394.0000000;
1510.1666667;
1568.2500000;
1626.3333333;
1698.9375000;
1829.6250000;
1916.7500000;
2091.0000000;
2265.2500000;
2352.3750000;
2439.5000000;
2555.6666667;
2788.0000000;
3020.3333333;
3136.5000000;
3252.6666667;
3397.8750000;
3659.2500000;
3833.5000000;
4182.0000000;
4530.5000000;
4704.7500000;
4879.0000000;
5111.3333333;
5576.0000000;
6040.6666667;
6273.0000000;
6505.3333333;
6795.7500000;
7318.5000000;
7667.0000000;
8364.0000000;
9061.0000000;
9409.5000000;
9758.0000000;
10222.6666667;
11152.0000000;
12081.3333333;
12546.0000000;
